4
0.000000 0.000000 0.000000
8
3 0.500000 1.000000 0.000000 1.000000 0 0 0.500000 1.500000 0.000000 0 0
2 0.500000 1.000000 0.000000 1.000000 7 0 -0.500000 1.500000 0.000000 0 1
3 0.500000 1.000000 0.000000 1.000000 6 0 -0.500000 0.500000 0.000000 0 2
2 0.500000 1.000000 0.000000 1.000000 5 0 -0.500000 -0.500000 0.000000 0 3
3 0.500000 1.000000 0.000000 1.000000 4 0 0.500000 -0.500000 0.000000 0 4
2 0.500000 1.000000 0.000000 1.000000 3 0 1.500000 -0.500000 0.000000 0 5
3 0.500000 1.000000 0.000000 1.000000 2 0 1.500000 0.500000 0.000000 0 6
2 0.500000 1.000000 0.000000 1.000000 1 0 1.500000 1.500000 0.000000 0 7
16
0 1
0 7
1 0
1 2
2 1
2 3
3 2
3 4
4 3
4 5
5 4
5 6
6 5
6 7
7 0
7 6
0.000000 0.000000 0.000000
1
4 0.500000 1.000000 0.000000 1.000000 0 0 0.000000 0.000000 0.000000 0 0
0
0.000000 0.000000 0.000000
1
1 0.500000 1.000000 0.000000 1.000000 0 0 0.000000 0.000000 0.000000 0 0
0
0.000000 0.000000 0.000000
1
0 0.500000 1.000000 0.000000 1.000000 0 0 0.000000 0.000000 0.000000 0 0
0
